5114
28977
9253
9969
11061
31043
15335
4181
15417
820
918
2904
30276
23273
199
24701
28891
12355
44
1575
263
7311
1
17074
164
2001
457
21939
245
11741
5258
11665
12365
1535
431
19
19647
4282
28957
3297
22135
20583
24415
10379
28171
9989
21329
6114
4565
10408
21
30709
25777
3786
25537
30484
31737
31859
30831
31163
30749
11757
16498
16894
7785
5300
777
22535
11577
26055
12431
5028
5205
3784
7472
578
17389
21899
877
12029
10162
2251
5941
801
170
10030
14397
10087
9756
11917
30503
13125
18115
11981
24687
13601
14719
11771
10165
22789
11979
7655
19815
6594
2246
25781
1698
12531
205
25835
523
136
23755
2559
22297
28701
572
5420
486
10863
2236
4224
467
23317
31181
2685
1889
6336
4155
5341
392
6547
627
137
558
1842
45
13759
2418
6746
139
4081
32
853
338
57
1210
5040
12859
2921
5081
5
1142
16664
31051
20651
5690
1365
5460
27821
264
1604
28675
21557
329
19363
6811
22145
18195
9890
513
28223
3226
16067
2966
31715
7674
10153
9863
33
2167
11843
6945
16706
16782
11123
10800
121
3002
138
9617
6675
1033
43
5681
759
3091
23847
962
7465
585
1519
813
30
6
3901
12115
30230
23289
10271
11977
9130
4722
5365
24277
3167
6702
26213
239
9735
265
3701
4477
23623
32188
28805
372
2025
3702
4814
7054
10937
23283
6864
25013
18689
22507
16662
1257
1559
235
1364
1367
6467
3016
25681
18679
24997
2034
1453
512
2581
1827
4938
1382
15039
3371
8425
18
3783
12031
8129
14513
15323
12477
28025
27663
72
1974
12069
28725
7720
721
20371
2759
1566
20899
6045
3927
11597
23327
1506
237
2952
934
1530
16001
1914
440
4107
2164
27833
4789
16918
10643
16
17739
25649
9656
1430
19123
6171
6211
25879
14075
4772
2402
889
1482
23199
2449
25313
135
1486
30885
8063
21647
18179
29893
12189
2762
5029
4053
9926
16049
1065
232
4059
2004
185
9260
17265
10049
437
5682
4918
2563
28755
1689
223
2924
731
153
302
20507
28297
846
4901
21419
589
3907
21855
10080
14807
10620
1943
535
21469
24833
781
1363
22043
31637
4672
3014
3092
7791
81
2159
20815
9941
1023
47
9963
27831
2951
11739
851
8740
2154
30868
2448
3665
11135
5781
9204
30240
6505
7338
645
186
7711
6774
22097
77
10721
995
14813
30654
12113
1471
8142
22777
2623
29095
15059
1594
13767
14713
16916
4898
1089
2752
401
28735
3588
22319
861
31173
15
32122
9996
5678
19111
31772
29803
2143
16395
849
6582
2158
6586
66
73
122
6421
387
5630
4280
15689
17549
24
11113
8408
1088
25161
957
4106
1485
268
15809
7222
8310
4985
22
4163
2618
12017
28
14353
27633
29093
13119
17273
427
3782
18429
85
2605
30279
9513
6351
2035
790
27989
3572
658
793
3228
10012
10029
227
13629
28907
9289
15195
13331
11887
22673
14349
1729
18245
8516
780
19319
7062
416
9088
114
7724
6377
9465
2321
429
30311
1254
12815
14741
15197
8479
2829
1695
12917
1470
6033
22265
1571
14175
11239
3750
597
21473
21339
400
397
2104
5485
17949
11001
10521
9724
22961
29787
4872
267
967
253
16904
8525
4080
31973
18897
15771
26123
339
11813
24893
949
17909
2753
996
1366
6438
187
12413
2076
19703
20517
569
5005
22819
21185
269
6768
24655
779
317
13117
4192
9563
254
516
6007
10083
7044
9919
21405
9252
7304
1505
8609
468
18661
97
19489
2273
5530
322
20159
1253
31711
28677
890
7193
1472
1818
12893
15451
433
4472
1425
5310
25517
1910
93
19613
8038
7588
12445
23249
543
202
23225
12403
11111
21995
4447
28121
30191
2890
10090
1824
10357
1735
582
1172
2265
30123
10218
6024
2761
17895
106
1379
6591
8407
2150
8311
11737
1961
28999
226
1491
25303
5835
10497
3604
11237
2828
22125
4087
80
1092
2594
10119
1562
28249
13535
1520
1473
9734
2175
251
1887
30347
31704
19775
9790
1375
7645
4886
451
6862
875
90
795
14407
27775
6154
396
407
1000
1921
8514
388
19115
5680
15117
27947
6115
4454
6050
91
15315
210
1007
18397
534
2582
479
13663
6213
22199
14941
9074
6347
532
2994
12117
552
2508
644
6904
249
10460
18153
444
13667
20767
15959
28927
1699
16870
13851
8937
951
8086
9982
10793
570
15487
87
31174
517
398
20847
12883
2405
9760
2593
5751
290
2451
5074
1690
4177
978
3841
14735
18055
20431
1888
21659
474
1462
2963
28881
1719
16011
1002
9441
9471
10092
233
5177
71
6984
24471
160
3713
27991
15439
82
16239
17249
30296
6046
6956
9062
985
345
120
4725
10350
2454
3545
10790
13203
9510
24135
2787
154
3470
30458
477
150
60
19671
74
4811
13403
228
1211
31251
2112
21843
20057
28979
14227
6772
2397
5060
6637
6927
8426
24439
1418
1096
10389
8795
24543
12021
3515
18119
28069
22101
540
182
9000
1293
30902
9201
1015
2026
488
3731
255
30745
23385
14511
7592
1376
2547
208
1011
65
2499
29829
26
11319
30370
24913
4596
2450
20031
986
19669
20785
2985
1483
20
14123
1008
355
23777
6444
539
10278
10717
856
1830
24151
531
2214
14967
25341
2471
2229
240
19191
1301
29755
9065
6372
5231
5204
6624
3466
7270
10161
32668
6634
5507
10715
11531
430
123
1813
17
8532
12487
1412
1915
16762
23277
6773
23775
95
1840
2213
8247
15201
7902
24765
27411
16528
10999
9136
331
7627
323
584
10500
462
464
30549
4416
31483
22147
997
15199
1395
1393
132
11617
450
1606
23441
6116
18849
11933
5958
11743
1924
22729
11433
7647
14345
371
966
905
1281
7661
28669
9288
14467
1579
15051
21105
324
2313
1034
10573
8675
9745
4654
1650
740
18507
587
24781
3931
11013
21327
10568
1087
6172
1557
14289
10716
2558
7762
3090
857
8888
2724
9785
25687
3785
12049
129
18619
24703
8841
32268
194
3001
8190
10020
1873
23301
5493
28497
1279
5306
10033
2557
969
