515949
1485223
1403404
1464598
1478750
1483037
1482329
1458630
1450486
1453396
1481006
676755
1218539
538430
497573
702613
701159
658355
663749
677369
638939
656555
622273
651983
265690
642941
643313
640503
639527
629749
580191
627723
620339
619925
599607
602889
596219
580935
592305
580417
568357
547599
549755
547869
543056
525586
513431
302947
295815
504403
498597
460427
440239
456085
255992
399041
432749
431017
427787
414151
264048
376683
383909
319823
67695
90148
203081
85578
84383
80246
78774
209016
207170
210848
205148
201194
120442
107017
119083
117432
114917
112887
101682
199238
98280
1471021
197218
274876
268950
278190
277105
275996
273596
272452
271315
270145
267200
266561
265460
264294
388525
1437855
428461
309723
259755
1483540
1206679
1453778
1206669
1187191
1181237
1209153
1087731
836009
75744
59507
74200
73216
71613
88170
86212
67721
66550
65325
64097
62953
61778
58250
57157
55859
54752
53931
52891
51654
50632
49687
48516
47461
46328
153903
1250731
1164429
408893
50167
78553
63409
252652
251447
73211
130509
48427
115007
51319
76108
77115
76225
75834
50502
65755
68836
67419
46995
53084
56465
739903
730381
729043
77956
56487
52048
1474370
1469376
1450585
58746
57637
55222
49922
51544
34813
52156
53201
51198
32572
45286
36545
48856
47818
46705
1460130
54177
53468
51076
1339833
1178261
557505
1297817
890771
1255323
635523
754877
671193
369677
247704
259205
97019
167488
62555
78674
55492
58902
31484
46868
44895
695857
576991
573735
570523
567651
564590
561711
558963
556211
553037
550047
547163
544151
534532
531656
528378
524871
521841
518771
515541
512063
509017
505995
503159
500073
1474823
644263
1437208
1394380
1068459
1372587
1343999
1323683
1242319
1254567
1230581
1193637
582923
1084839
608035
1066711
561779
704871
695523
570671
549859
620587
604891
604419
594129
1473044
1416488
1473813
681967
1459712
1470474
1381487
1135121
1453637
1189715
1187977
1009889
1394903
1393813
712131
1369877
1222533
1368566
1273149
1348323
1284231
1338735
1241969
1312955
1158341
1295749
1278373
1276075
1264595
1256843
1245713
1165081
1243245
1243855
1198487
1224909
1226517
1139317
1170055
1168367
1115265
1155485
1151865
1130845
1138513
1140797
1137363
1138187
1126739
1131137
1420534
580233
577353
573773
565109
552957
562173
557861
558429
512149
550795
553707
551125
537484
543871
543552
515697
539292
539778
534630
535066
508253
528660
532414
533420
508091
532544
530614
531654
519275
516887
482517
451149
475283
692127
1131109
1070701
707789
1114613
1110201
917685
1107313
1087657
1087629
1066781
1070431
882661
724665
917427
719255
705801
727631
722853
713705
705173
709385
710221
707627
707595
706335
693835
702425
701311
700387
692271
691585
675535
686887
685479
684299
681545
682285
658299
658731
522609
669819
669587
668333
626045
632429
642751
641841
648175
626073
1401902
1432347
1429807
628133
616243
464509
578549
504273
1427309
1425021
1420109
1417353
1427684
1422526
1413620
1409992
1402158
1433691
1429906
1433990
1414793
1412226
1409713
1407200
1404574
1432405
1471189
1468904
1432032
1407512
1432852
1432935
1450563
1448124
1438521
1439596
1439189
1437776
1436430
1434699
1432610
1434881
1410041
1433099
1433097
1432529
1434058
1433751
1433471
1427251
1433539
1432421
1432663
1432429
1460125
1134053
1107627
739983
1123719
1114329
1094077
1082601
1067297
914375
857063
1168047
731563
731295
725139
761743
1133895
1082919
725855
693857
683453
494881
463893
1396751
1395669
498105
491685
488549
469525
495121
485457
482363
479185
476233
472801
466589
460843
1135703
493693
697479
507151
501173
441383
466629
456385
449809
422699
441521
65932
331167
323005
320651
318429
316291
301821
300783
298734
292825
291904
290974
296808
294922
293808
318923
299771
295887
308879
303945
305113
302826
325259
311329
306811
328255
313879
297802
305298
1365994
1338869
484581
292701
416393
416547
372577
295942
320691
333169
329189
303057
324857
317219
299914
304943
299199
291098
292139
300438
264761
297116
290081
1248
538742
1420092
257020
565257
105462
730
150645
150627
36245
601051
50563
249192
601105
87936
275036
150557
559719
37739
1236387
1254365
1232027
1227507
1278263
1260227
1410507
1390330
1392413
1355481
1274115
1273259
1237569
1258963
750943
1221973
1216515
1228113
1427831
1276691
1272585
1268391
1264035
1258905
1249433
1243881
1437806
1403626
1277211
1398229
1290907
1364832
1319559
1287547
1272775
1265609
1164417
1225393
1228175
1224719
1215927
1163997
1115557
392905
380821
360313
602805
453753
122135
356395
356385
356377
356373
356367
356363
356357
356349
356337
358061
356317
356311
1480162
356307
356303
355923
355911
355909
355903
35456
355883
355865
355861
355853
355843
355831
355799
355785
355777
355773
355747
355709
355691
355673
355663
355515
355041
354977
354971
354959
354955
354939
1479080
1478622
693999
693989
265674
592185
543396
1420409
1474785
1474787
1474024
1443733
1447543
1439556
1323767
1199893
1362626
1372155
1199891
1410538
1379224
458515
482657
464255
461273
492233
486797
476215
488935
485833
479501
473079
469965
466983
609315
1434103
660593
569945
474757
492769
501243
499519
494621
492601
467723
452805
572785
1341829
1299023
564177
527322
291968
1094071
1123729
1067319
914055
857169
1365571
1244531
1109053
1432500
1322387
761791
740007
731317
1468087
1272471
1107629
708575
690211
693581
680647
704389
700511
696949
686777
674497
671181
1469020
1082615
725167
1306439
683835
677463
1229559
1450622
1125723
701551
1114335
761959
1401302
1386385
1378287
1265783
1378512
1268095
1351887
1358228
676467
1109707
1348129
1321491
714597
1462838
701477
691059
1474798
688029
672149
1466289
715253
694401
684637
714733
697997
687853
1412891
710009
705577
704829
681491
1443297
1437483
679079
1437876
1435469
1430887
1413270
1323899
1372430
675303
1091791
1169725
1389177
1335829
678397
1365417
1351431
1331295
1324359
1288281
1318495
714891
1304485
757125
1205237
1178691
1108111
1184459
1181575
1113743
1095983
1483977
1484212
1479837
1484040
1481865
1480407
1470840
1473207
1465590
1477737
1368648
1475525
1475229
1475797
1319835
1462263
1464102
1462497
1450594
1354746
41669
1432344
1429799
1427298
1422520
1420104
1417344
1414785
1412217
1409705
1407195
1404570
1401897
1439590
1461142
1427361
1402853
1422638
1411545
1421441
1416108
1405614
1410840
1408694
1397483
1398423
1402946
1388940
1389031
293802
1148013
1469117
570913
556557
544657
568029
532224
584045
559331
553489
565019
562137
547585
1177783
1198263
1354912
566297
550393
1341047
1215987
556261
584399
1092253
713421
570999
557499
572871
591925
571755
558669
568097
564638
556589
559619
551229
546357
530052
496571
509567
610987
610523
609951
288211
609859
252227
608541
608489
33031
205930
205683
204431
683585
679529
301447
611427
611319
611091
611039
611035
611027
611011
601145
610969
299570
610937
610769
610761
610749
610555
610123
609977
609917
609909
609901
609899
609865
609853
609847
288284
608479
33029
33026
33025
33024
205811
205688
32980
205261
204702
1474644
1427836
1362069
1312499
1398663
1393505
1391034
1388298
